8       50      101.49999999999999
8       1000    101.49999999999999
8       3000    101.49999999999999
8       5000    101.49999999999999
6       50      101.49999999999999
6       1000    104.5
6       3000    111.00000000000001
6       5000    117.0
4       50      117.0
4       1000    267.0
4       3000    398.5
4       5000    473.50000000000006
2       50      473.50000000000006
2       1000    1136.0
2       3000    1504.5
2       5000    1707.9999999999998

H0  r   D
50      10      48.4
50      20      153.2
50      50      473.50000000000006
50      75      717.75
1000    10      195.3
1000    20      451.8
1000    50      1136.0
1000    75      1636.5
3000    10      287.2
3000    20      621.8
3000    50      1504.5
3000    75      2152.5
5000    10      339.7
5000    20      720.6
5000    50      1707.9999999999998
5000    75      2429.25

H0  R   D
50      50      144.5
50      100     179.0
50      200     204.0
50      300     211.75000000000003
50      400     210.25
1000    50      336.75
1000    100     436.75
1000    200     541.5
1000    300     597.75
1000    400     633.5
3000    50      450.75
3000    100     583.5
3000    200     735.25
3000    300     822.7499999999999
3000    400     883.5000000000001
5000    50      511.75
5000    100     664.75
5000    200     839.7500000000001
5000    300     946.0000000000001
5000    400     1024.25

H N D
50      0       50.74999999999999
50      1       141.5
50      3       208.5
50      5       238.24999999999997
50      10      244.49999999999997
50      15      244.49999999999997
1000    0       50.74999999999999
1000    1       425.75
1000    3       574.25
1000    5       635.25
1000    10      652.25
1000    15      619.5
3000    0       50.74999999999999
3000    1       591.5
3000    3       782.0
3000    5       866.4999999999999
3000    10      900.75
3000    15      838.25
5000    0       50.74999999999999
5000    1       688.25
5000    3       897.7499999999999
5000    5       991.4999999999999
5000    10      1041.5
5000    15      964.7500000000001