r0(um)	R0(um)	Xu	H0(Gs)	b(um)	CatchingRadius(um)
0,01	0,1	0,1	3500	1,0	4,634	
0,01	0,1	0,1	7000	1,0	5,398	
0,02	0,1	0,1	3500	1,0	4,634	
0,02	0,1	0,1	7000	1,0	5,398	
0,03	0,1	0,1	3500	1,0	4,634	
0,03	0,1	0,1	7000	1,0	5,398	
0,04	0,1	0,1	3500	1,0	4,634	
0,04	0,1	0,1	7000	1,0	5,398	
0,05	0,1	0,1	3500	1,0	4,634	
0,05	0,1	0,1	7000	1,0	5,398	
0,06	0,1	0,1	3500	1,0	4,634	
0,06	0,1	0,1	7000	1,0	5,398	
0,07	0,1	0,1	3500	1,0	4,634	
0,07	0,1	0,1	7000	1,0	5,398	
0,08	0,1	0,1	3500	1,0	4,634	
0,08	0,1	0,1	7000	1,0	5,398	
0,09	0,1	0,1	3500	1,0	4,634	
0,09	0,1	0,1	7000	1,0	5,398	
0,01	0,2	0,1	3500	1,0	7,772	
0,01	0,2	0,1	7000	1,0	9,268	
0,02	0,2	0,1	3500	1,0	7,772	
0,02	0,2	0,1	7000	1,0	9,268	
0,03	0,2	0,1	3500	1,0	7,772	
0,03	0,2	0,1	7000	1,0	9,268	
0,04	0,2	0,1	3500	1,0	7,772	
0,04	0,2	0,1	7000	1,0	9,268	
0,05	0,2	0,1	3500	1,0	7,772	
0,05	0,2	0,1	7000	1,0	9,268	
0,06	0,2	0,1	3500	1,0	7,772	
0,06	0,2	0,1	7000	1,0	9,268	
0,07	0,2	0,1	3500	1,0	7,772	
0,07	0,2	0,1	7000	1,0	9,268	
0,08	0,2	0,1	3500	1,0	7,772	
0,08	0,2	0,1	7000	1,0	9,268	
0,09	0,2	0,1	3500	1,0	7,772	
0,09	0,2	0,1	7000	1,0	9,268	
0,01	0,30000000000000004	0,1	3500	1,0	10,59	
0,01	0,30000000000000004	0,1	7000	1,0	12,513000000000002	
0,02	0,30000000000000004	0,1	3500	1,0	10,59	
0,02	0,30000000000000004	0,1	7000	1,0	12,513000000000002	
0,03	0,30000000000000004	0,1	3500	1,0	10,59	
0,03	0,30000000000000004	0,1	7000	1,0	12,513000000000002	
0,04	0,30000000000000004	0,1	3500	1,0	10,59	
0,04	0,30000000000000004	0,1	7000	1,0	12,513000000000002	
0,05	0,30000000000000004	0,1	3500	1,0	10,59	
0,05	0,30000000000000004	0,1	7000	1,0	12,513000000000002	
0,06	0,30000000000000004	0,1	3500	1,0	10,59	
0,06	0,30000000000000004	0,1	7000	1,0	12,513000000000002	
0,07	0,30000000000000004	0,1	3500	1,0	10,59	
0,07	0,30000000000000004	0,1	7000	1,0	12,513000000000002	
0,08	0,30000000000000004	0,1	3500	1,0	10,59	
0,08	0,30000000000000004	0,1	7000	1,0	12,513000000000002	
0,09	0,30000000000000004	0,1	3500	1,0	10,59	
0,09	0,30000000000000004	0,1	7000	1,0	12,513000000000002	
0,01	0,4	0,1	3500	1,0	13,3	
0,01	0,4	0,1	7000	1,0	15,544	
0,02	0,4	0,1	3500	1,0	13,3	
0,02	0,4	0,1	7000	1,0	15,544	
0,03	0,4	0,1	3500	1,0	13,3	
0,03	0,4	0,1	7000	1,0	15,544	
0,04	0,4	0,1	3500	1,0	13,3	
0,04	0,4	0,1	7000	1,0	15,544	
0,05	0,4	0,1	3500	1,0	13,3	
0,05	0,4	0,1	7000	1,0	15,544	
0,06	0,4	0,1	3500	1,0	13,3	
0,06	0,4	0,1	7000	1,0	15,544	
0,07	0,4	0,1	3500	1,0	13,3	
0,07	0,4	0,1	7000	1,0	15,544	
0,08	0,4	0,1	3500	1,0	13,3	
0,08	0,4	0,1	7000	1,0	15,544	
0,09	0,4	0,1	3500	1,0	13,3	
0,09	0,4	0,1	7000	1,0	15,544	
0,01	0,5	0,1	3500	1,0	15,56	
0,01	0,5	0,1	7000	1,0	18,715	
0,02	0,5	0,1	3500	1,0	15,56	
0,02	0,5	0,1	7000	1,0	18,715	
0,03	0,5	0,1	3500	1,0	15,56	
0,03	0,5	0,1	7000	1,0	18,715	
0,04	0,5	0,1	3500	1,0	15,56	
0,04	0,5	0,1	7000	1,0	18,715	
0,05	0,5	0,1	3500	1,0	15,56	
0,05	0,5	0,1	7000	1,0	18,715	
0,06	0,5	0,1	3500	1,0	15,56	
0,06	0,5	0,1	7000	1,0	18,715	
0,07	0,5	0,1	3500	1,0	15,56	
0,07	0,5	0,1	7000	1,0	18,715	
0,08	0,5	0,1	3500	1,0	15,56	
0,08	0,5	0,1	7000	1,0	18,715	
0,09	0,5	0,1	3500	1,0	15,56	
0,09	0,5	0,1	7000	1,0	18,715	
0,01	0,6000000000000001	0,1	3500	1,0	18,036	
0,01	0,6000000000000001	0,1	7000	1,0	21,18	
0,02	0,6000000000000001	0,1	3500	1,0	18,036	
0,02	0,6000000000000001	0,1	7000	1,0	21,18	
0,03	0,6000000000000001	0,1	3500	1,0	18,036	
0,03	0,6000000000000001	0,1	7000	1,0	21,18	
0,04	0,6000000000000001	0,1	3500	1,0	18,036	
0,04	0,6000000000000001	0,1	7000	1,0	21,18	
0,05	0,6000000000000001	0,1	3500	1,0	18,036	
0,05	0,6000000000000001	0,1	7000	1,0	21,18	
0,06	0,6000000000000001	0,1	3500	1,0	18,036	
0,06	0,6000000000000001	0,1	7000	1,0	21,18	
0,07	0,6000000000000001	0,1	3500	1,0	18,036	
0,07	0,6000000000000001	0,1	7000	1,0	21,18	
0,08	0,6000000000000001	0,1	3500	1,0	18,036	
0,08	0,6000000000000001	0,1	7000	1,0	21,18	
0,09	0,6000000000000001	0,1	3500	1,0	18,036	
0,09	0,6000000000000001	0,1	7000	1,0	21,18	
0,01	0,7000000000000001	0,1	3500	1,0	20,3	
0,01	0,7000000000000001	0,1	7000	1,0	24,206	
0,02	0,7000000000000001	0,1	3500	1,0	20,3	
0,02	0,7000000000000001	0,1	7000	1,0	24,206	
0,03	0,7000000000000001	0,1	3500	1,0	20,3	
0,03	0,7000000000000001	0,1	7000	1,0	24,206	
0,04	0,7000000000000001	0,1	3500	1,0	20,3	
0,04	0,7000000000000001	0,1	7000	1,0	24,206	
0,05	0,7000000000000001	0,1	3500	1,0	20,3	
0,05	0,7000000000000001	0,1	7000	1,0	24,206	
0,06	0,7000000000000001	0,1	3500	1,0	20,3	
0,06	0,7000000000000001	0,1	7000	1,0	24,206	
0,07	0,7000000000000001	0,1	3500	1,0	20,3	
0,07	0,7000000000000001	0,1	7000	1,0	24,206	
0,08	0,7000000000000001	0,1	3500	1,0	20,3	
0,08	0,7000000000000001	0,1	7000	1,0	24,206	
0,09	0,7000000000000001	0,1	3500	1,0	20,3	
0,09	0,7000000000000001	0,1	7000	1,0	24,206	
0,01	0,8	0,1	3500	1,0	22,352000000000004	
0,01	0,8	0,1	7000	1,0	26,6	
0,02	0,8	0,1	3500	1,0	22,352000000000004	
0,02	0,8	0,1	7000	1,0	26,6	
0,03	0,8	0,1	3500	1,0	22,352000000000004	
0,03	0,8	0,1	7000	1,0	26,6	
0,04	0,8	0,1	3500	1,0	22,352000000000004	
0,04	0,8	0,1	7000	1,0	26,6	
0,05	0,8	0,1	3500	1,0	22,352000000000004	
0,05	0,8	0,1	7000	1,0	26,6	
0,06	0,8	0,1	3500	1,0	22,352000000000004	
0,06	0,8	0,1	7000	1,0	26,6	
0,07	0,8	0,1	3500	1,0	22,352000000000004	
0,07	0,8	0,1	7000	1,0	26,6	
0,08	0,8	0,1	3500	1,0	22,352000000000004	
0,08	0,8	0,1	7000	1,0	26,6	
0,09	0,8	0,1	3500	1,0	22,352000000000004	
0,09	0,8	0,1	7000	1,0	26,6	
0,01	0,9	0,1	3500	1,0	24,183	
0,01	0,9	0,1	7000	1,0	28,971	
0,02	0,9	0,1	3500	1,0	24,183	
0,02	0,9	0,1	7000	1,0	28,971	
0,03	0,9	0,1	3500	1,0	24,183	
0,03	0,9	0,1	7000	1,0	28,971	
0,04	0,9	0,1	3500	1,0	24,183	
0,04	0,9	0,1	7000	1,0	28,971	
0,05	0,9	0,1	3500	1,0	24,183	
0,05	0,9	0,1	7000	1,0	28,971	
0,06	0,9	0,1	3500	1,0	24,183	
0,06	0,9	0,1	7000	1,0	28,971	
0,07	0,9	0,1	3500	1,0	24,183	
0,07	0,9	0,1	7000	1,0	28,971	
0,08	0,9	0,1	3500	1,0	24,183	
0,08	0,9	0,1	7000	1,0	28,971	
0,09	0,9	0,1	3500	1,0	24,183	
0,09	0,9	0,1	7000	1,0	28,971	
0,01	0,1	0,01	3500	1,0	2,6340000000000003	
0,01	0,1	0,01	7000	1,0	3,112	
0,02	0,1	0,01	3500	1,0	2,6340000000000003	
0,02	0,1	0,01	7000	1,0	3,112	
0,03	0,1	0,01	3500	1,0	2,6340000000000003	
0,03	0,1	0,01	7000	1,0	3,112	
0,04	0,1	0,01	3500	1,0	2,6340000000000003	
0,04	0,1	0,01	7000	1,0	3,1660000000000004	
0,05	0,1	0,01	3500	1,0	2,6340000000000003	
0,05	0,1	0,01	7000	1,0	3,1660000000000004	
0,06	0,1	0,01	3500	1,0	2,6340000000000003	
0,06	0,1	0,01	7000	1,0	3,1660000000000004	
0,07	0,1	0,01	3500	1,0	2,6340000000000003	
0,07	0,1	0,01	7000	1,0	3,1660000000000004	
0,08	0,1	0,01	3500	1,0	2,6340000000000003	
0,08	0,1	0,01	7000	1,0	3,1660000000000004	
0,09	0,1	0,01	3500	1,0	2,6340000000000003	
0,09	0,1	0,01	7000	1,0	3,1660000000000004	
0,01	0,2	0,01	3500	1,0	4,288	
0,01	0,2	0,01	7000	1,0	5,268000000000001	
0,02	0,2	0,01	3500	1,0	4,288	
0,02	0,2	0,01	7000	1,0	5,268000000000001	
0,03	0,2	0,01	3500	1,0	4,288	
0,03	0,2	0,01	7000	1,0	5,268000000000001	
0,04	0,2	0,01	3500	1,0	4,288	
0,04	0,2	0,01	7000	1,0	5,268000000000001	
0,05	0,2	0,01	3500	1,0	4,288	
0,05	0,2	0,01	7000	1,0	5,268000000000001	
0,06	0,2	0,01	3500	1,0	4,288	
0,06	0,2	0,01	7000	1,0	5,268000000000001	
0,07	0,2	0,01	3500	1,0	4,288	
0,07	0,2	0,01	7000	1,0	5,268000000000001	
0,08	0,2	0,01	3500	1,0	4,288	
0,08	0,2	0,01	7000	1,0	5,268000000000001	
0,09	0,2	0,01	3500	1,0	4,288	
0,09	0,2	0,01	7000	1,0	5,268000000000001	
0,01	0,30000000000000004	0,01	3500	1,0	5,718000000000001	
0,01	0,30000000000000004	0,01	7000	1,0	7,146000000000001	
0,02	0,30000000000000004	0,01	3500	1,0	5,718000000000001	
0,02	0,30000000000000004	0,01	7000	1,0	7,146000000000001	
0,03	0,30000000000000004	0,01	3500	1,0	5,718000000000001	
0,03	0,30000000000000004	0,01	7000	1,0	7,146000000000001	
0,04	0,30000000000000004	0,01	3500	1,0	5,718000000000001	
0,04	0,30000000000000004	0,01	7000	1,0	7,146000000000001	
0,05	0,30000000000000004	0,01	3500	1,0	5,718000000000001	
0,05	0,30000000000000004	0,01	7000	1,0	7,146000000000001	
0,06	0,30000000000000004	0,01	3500	1,0	5,718000000000001	
0,06	0,30000000000000004	0,01	7000	1,0	7,146000000000001	
0,07	0,30000000000000004	0,01	3500	1,0	5,718000000000001	
0,07	0,30000000000000004	0,01	7000	1,0	7,146000000000001	
0,08	0,30000000000000004	0,01	3500	1,0	5,718000000000001	
0,08	0,30000000000000004	0,01	7000	1,0	7,146000000000001	
0,09	0,30000000000000004	0,01	3500	1,0	5,718000000000001	
0,09	0,30000000000000004	0,01	7000	1,0	7,146000000000001	
0,01	0,4	0,01	3500	1,0	7,112000000000001	
0,01	0,4	0,01	7000	1,0	8,576	
0,02	0,4	0,01	3500	1,0	7,112000000000001	
0,02	0,4	0,01	7000	1,0	8,576	
0,03	0,4	0,01	3500	1,0	7,112000000000001	
0,03	0,4	0,01	7000	1,0	8,576	
0,04	0,4	0,01	3500	1,0	7,112000000000001	
0,04	0,4	0,01	7000	1,0	8,576	
0,05	0,4	0,01	3500	1,0	7,112000000000001	
0,05	0,4	0,01	7000	1,0	8,576	
0,06	0,4	0,01	3500	1,0	7,112000000000001	
0,06	0,4	0,01	7000	1,0	8,576	
0,07	0,4	0,01	3500	1,0	7,112000000000001	
0,07	0,4	0,01	7000	1,0	8,576	
0,08	0,4	0,01	3500	1,0	7,112000000000001	
0,08	0,4	0,01	7000	1,0	8,576	
0,09	0,4	0,01	3500	1,0	7,112000000000001	
0,09	0,4	0,01	7000	1,0	8,576	
0,01	0,5	0,01	3500	1,0	8,295	
0,01	0,5	0,01	7000	1,0	10,325	
0,02	0,5	0,01	3500	1,0	8,295	
0,02	0,5	0,01	7000	1,0	10,325	
0,03	0,5	0,01	3500	1,0	8,295	
0,03	0,5	0,01	7000	1,0	10,325	
0,04	0,5	0,01	3500	1,0	8,295	
0,04	0,5	0,01	7000	1,0	10,325	
0,05	0,5	0,01	3500	1,0	8,295	
0,05	0,5	0,01	7000	1,0	10,325	
0,06	0,5	0,01	3500	1,0	8,295	
0,06	0,5	0,01	7000	1,0	10,325	
0,07	0,5	0,01	3500	1,0	8,295	
0,07	0,5	0,01	7000	1,0	10,325	
0,08	0,5	0,01	3500	1,0	8,295	
0,08	0,5	0,01	7000	1,0	10,325	
0,09	0,5	0,01	3500	1,0	8,295	
0,09	0,5	0,01	7000	1,0	10,325	
0,01	0,6000000000000001	0,01	3500	1,0	9,600000000000001	
0,01	0,6000000000000001	0,01	7000	1,0	11,436000000000002	
0,02	0,6000000000000001	0,01	3500	1,0	9,600000000000001	
0,02	0,6000000000000001	0,01	7000	1,0	11,436000000000002	
0,03	0,6000000000000001	0,01	3500	1,0	9,600000000000001	
0,03	0,6000000000000001	0,01	7000	1,0	11,436000000000002	
0,04	0,6000000000000001	0,01	3500	1,0	9,600000000000001	
0,04	0,6000000000000001	0,01	7000	1,0	11,436000000000002	
0,05	0,6000000000000001	0,01	3500	1,0	9,600000000000001	
0,05	0,6000000000000001	0,01	7000	1,0	11,436000000000002	
0,06	0,6000000000000001	0,01	3500	1,0	9,600000000000001	
0,06	0,6000000000000001	0,01	7000	1,0	11,436000000000002	
0,07	0,6000000000000001	0,01	3500	1,0	9,600000000000001	
0,07	0,6000000000000001	0,01	7000	1,0	11,436000000000002	
0,08	0,6000000000000001	0,01	3500	1,0	9,600000000000001	
0,08	0,6000000000000001	0,01	7000	1,0	11,436000000000002	
0,09	0,6000000000000001	0,01	3500	1,0	9,600000000000001	
0,09	0,6000000000000001	0,01	7000	1,0	11,436000000000002	
0,01	0,7000000000000001	0,01	3500	1,0	10,787	
0,01	0,7000000000000001	0,01	7000	1,0	12,859000000000002	
0,02	0,7000000000000001	0,01	3500	1,0	10,787	
0,02	0,7000000000000001	0,01	7000	1,0	12,859000000000002	
0,03	0,7000000000000001	0,01	3500	1,0	10,787	
0,03	0,7000000000000001	0,01	7000	1,0	12,859000000000002	
0,04	0,7000000000000001	0,01	3500	1,0	10,787	
0,04	0,7000000000000001	0,01	7000	1,0	12,859000000000002	
0,05	0,7000000000000001	0,01	3500	1,0	10,787	
0,05	0,7000000000000001	0,01	7000	1,0	12,859000000000002	
0,06	0,7000000000000001	0,01	3500	1,0	10,787	
0,06	0,7000000000000001	0,01	7000	1,0	12,859000000000002	
0,07	0,7000000000000001	0,01	3500	1,0	10,787	
0,07	0,7000000000000001	0,01	7000	1,0	12,859000000000002	
0,08	0,7000000000000001	0,01	3500	1,0	10,787	
0,08	0,7000000000000001	0,01	7000	1,0	12,859000000000002	
0,09	0,7000000000000001	0,01	3500	1,0	10,787	
0,09	0,7000000000000001	0,01	7000	1,0	12,859000000000002	
0,01	0,8	0,01	3500	1,0	11,856000000000002	
0,01	0,8	0,01	7000	1,0	14,224000000000002	
0,02	0,8	0,01	3500	1,0	11,856000000000002	
0,02	0,8	0,01	7000	1,0	14,224000000000002	
0,03	0,8	0,01	3500	1,0	11,856000000000002	
0,03	0,8	0,01	7000	1,0	14,224000000000002	
0,04	0,8	0,01	3500	1,0	11,856000000000002	
0,04	0,8	0,01	7000	1,0	14,224000000000002	
0,05	0,8	0,01	3500	1,0	11,856000000000002	
0,05	0,8	0,01	7000	1,0	14,224000000000002	
0,06	0,8	0,01	3500	1,0	11,856000000000002	
0,06	0,8	0,01	7000	1,0	14,224000000000002	
0,07	0,8	0,01	3500	1,0	11,856000000000002	
0,07	0,8	0,01	7000	1,0	14,224000000000002	
0,08	0,8	0,01	3500	1,0	11,856000000000002	
0,08	0,8	0,01	7000	1,0	14,224000000000002	
0,09	0,8	0,01	3500	1,0	11,856000000000002	
0,09	0,8	0,01	7000	1,0	14,224000000000002	
0,01	0,9	0,01	3500	1,0	12,807	
0,01	0,9	0,01	7000	1,0	15,471000000000002	
0,02	0,9	0,01	3500	1,0	12,807	
0,02	0,9	0,01	7000	1,0	15,471000000000002	
0,03	0,9	0,01	3500	1,0	12,807	
0,03	0,9	0,01	7000	1,0	15,471000000000002	
0,04	0,9	0,01	3500	1,0	12,807	
0,04	0,9	0,01	7000	1,0	15,471000000000002	
0,05	0,9	0,01	3500	1,0	12,807	
0,05	0,9	0,01	7000	1,0	15,471000000000002	
0,06	0,9	0,01	3500	1,0	12,807	
0,06	0,9	0,01	7000	1,0	15,471000000000002	
0,07	0,9	0,01	3500	1,0	12,807	
0,07	0,9	0,01	7000	1,0	15,471000000000002	
0,08	0,9	0,01	3500	1,0	12,807	
0,08	0,9	0,01	7000	1,0	15,471000000000002	
0,09	0,9	0,01	3500	1,0	12,807	
0,09	0,9	0,01	7000	1,0	15,471000000000002	
0,01	0,1	0,001	3500	1,0	1,3490000000000002	
0,01	0,1	0,001	7000	1,0	1,659	
0,02	0,1	0,001	3500	1,0	1,3490000000000002	
0,02	0,1	0,001	7000	1,0	1,659	
0,03	0,1	0,001	3500	1,0	1,3490000000000002	
0,03	0,1	0,001	7000	1,0	1,659	
0,04	0,1	0,001	3500	1,0	1,3490000000000002	
0,04	0,1	0,001	7000	1,0	1,659	
0,05	0,1	0,001	3500	1,0	1,3490000000000002	
0,05	0,1	0,001	7000	1,0	1,659	
0,06	0,1	0,001	3500	1,0	1,3490000000000002	
0,06	0,1	0,001	7000	1,0	1,659	
0,07	0,1	0,001	3500	1,0	1,3490000000000002	
0,07	0,1	0,001	7000	1,0	1,659	
0,08	0,1	0,001	3500	1,0	1,3490000000000002	
0,08	0,1	0,001	7000	1,0	1,659	
0,09	0,1	0,001	3500	1,0	1,3490000000000002	
0,09	0,1	0,001	7000	1,0	1,659	
0,01	0,2	0,001	3500	1,0	2,168	
0,01	0,2	0,001	7000	1,0	2,6980000000000004	
0,02	0,2	0,001	3500	1,0	2,168	
0,02	0,2	0,001	7000	1,0	2,6980000000000004	
0,03	0,2	0,001	3500	1,0	2,168	
0,03	0,2	0,001	7000	1,0	2,6980000000000004	
0,04	0,2	0,001	3500	1,0	2,168	
0,04	0,2	0,001	7000	1,0	2,6980000000000004	
0,05	0,2	0,001	3500	1,0	2,168	
0,05	0,2	0,001	7000	1,0	2,6980000000000004	
0,06	0,2	0,001	3500	1,0	2,168	
0,06	0,2	0,001	7000	1,0	2,6980000000000004	
0,07	0,2	0,001	3500	1,0	2,168	
0,07	0,2	0,001	7000	1,0	2,6980000000000004	
0,08	0,2	0,001	3500	1,0	2,168	
0,08	0,2	0,001	7000	1,0	2,6980000000000004	
0,09	0,2	0,001	3500	1,0	2,168	
0,09	0,2	0,001	7000	1,0	2,6980000000000004	
0,01	0,30000000000000004	0,001	3500	1,0	2,8230000000000004	
0,01	0,30000000000000004	0,001	7000	1,0	3,516000000000001	
0,02	0,30000000000000004	0,001	3500	1,0	2,8230000000000004	
0,02	0,30000000000000004	0,001	7000	1,0	3,516000000000001	
0,03	0,30000000000000004	0,001	3500	1,0	2,8230000000000004	
0,03	0,30000000000000004	0,001	7000	1,0	3,516000000000001	
0,04	0,30000000000000004	0,001	3500	1,0	2,8230000000000004	
0,04	0,30000000000000004	0,001	7000	1,0	3,516000000000001	
0,05	0,30000000000000004	0,001	3500	1,0	2,8230000000000004	
0,05	0,30000000000000004	0,001	7000	1,0	3,516000000000001	
0,06	0,30000000000000004	0,001	3500	1,0	2,8230000000000004	
0,06	0,30000000000000004	0,001	7000	1,0	3,516000000000001	
0,07	0,30000000000000004	0,001	3500	1,0	2,8230000000000004	
0,07	0,30000000000000004	0,001	7000	1,0	3,516000000000001	
0,08	0,30000000000000004	0,001	3500	1,0	2,8230000000000004	
0,08	0,30000000000000004	0,001	7000	1,0	3,516000000000001	
0,09	0,30000000000000004	0,001	3500	1,0	2,8230000000000004	
0,09	0,30000000000000004	0,001	7000	1,0	3,516000000000001	
0,01	0,4	0,001	3500	1,0	3,5	
0,01	0,4	0,001	7000	1,0	4,336	
0,02	0,4	0,001	3500	1,0	3,5	
0,02	0,4	0,001	7000	1,0	4,336	
0,03	0,4	0,001	3500	1,0	3,5	
0,03	0,4	0,001	7000	1,0	4,336	
0,04	0,4	0,001	3500	1,0	3,5	
0,04	0,4	0,001	7000	1,0	4,336	
0,05	0,4	0,001	3500	1,0	3,5	
0,05	0,4	0,001	7000	1,0	4,336	
0,06	0,4	0,001	3500	1,0	3,5	
0,06	0,4	0,001	7000	1,0	4,336	
0,07	0,4	0,001	3500	1,0	3,5	
0,07	0,4	0,001	7000	1,0	4,336	
0,08	0,4	0,001	3500	1,0	3,5	
0,08	0,4	0,001	7000	1,0	4,336	
0,09	0,4	0,001	3500	1,0	3,5	
0,09	0,4	0,001	7000	1,0	4,336	
0,01	0,5	0,001	3500	1,0	4,045	
0,01	0,5	0,001	7000	1,0	5,035	
0,02	0,5	0,001	3500	1,0	4,045	
0,02	0,5	0,001	7000	1,0	5,035	
0,03	0,5	0,001	3500	1,0	4,045	
0,03	0,5	0,001	7000	1,0	5,035	
0,04	0,5	0,001	3500	1,0	4,045	
0,04	0,5	0,001	7000	1,0	5,035	
0,05	0,5	0,001	3500	1,0	4,045	
0,05	0,5	0,001	7000	1,0	5,035	
0,06	0,5	0,001	3500	1,0	4,045	
0,06	0,5	0,001	7000	1,0	5,035	
0,07	0,5	0,001	3500	1,0	4,045	
0,07	0,5	0,001	7000	1,0	5,035	
0,08	0,5	0,001	3500	1,0	4,045	
0,08	0,5	0,001	7000	1,0	5,035	
0,09	0,5	0,001	3500	1,0	4,045	
0,09	0,5	0,001	7000	1,0	5,035	
0,01	0,6000000000000001	0,001	3500	1,0	4,362	
0,01	0,6000000000000001	0,001	7000	1,0	5,646000000000001	
0,02	0,6000000000000001	0,001	3500	1,0	4,362	
0,02	0,6000000000000001	0,001	7000	1,0	5,646000000000001	
0,03	0,6000000000000001	0,001	3500	1,0	4,362	
0,03	0,6000000000000001	0,001	7000	1,0	5,646000000000001	
0,04	0,6000000000000001	0,001	3500	1,0	4,362	
0,04	0,6000000000000001	0,001	7000	1,0	5,646000000000001	
0,05	0,6000000000000001	0,001	3500	1,0	4,362	
0,05	0,6000000000000001	0,001	7000	1,0	5,646000000000001	
0,06	0,6000000000000001	0,001	3500	1,0	4,362	
0,06	0,6000000000000001	0,001	7000	1,0	5,646000000000001	
0,07	0,6000000000000001	0,001	3500	1,0	4,362	
0,07	0,6000000000000001	0,001	7000	1,0	5,646000000000001	
0,08	0,6000000000000001	0,001	3500	1,0	4,362	
0,08	0,6000000000000001	0,001	7000	1,0	5,646000000000001	
0,09	0,6000000000000001	0,001	3500	1,0	4,362	
0,09	0,6000000000000001	0,001	7000	1,0	5,646000000000001	
0,01	0,7000000000000001	0,001	3500	1,0	5,089	
0,01	0,7000000000000001	0,001	7000	1,0	6,587000000000001	
0,02	0,7000000000000001	0,001	3500	1,0	5,089	
0,02	0,7000000000000001	0,001	7000	1,0	6,587000000000001	
0,03	0,7000000000000001	0,001	3500	1,0	5,089	
0,03	0,7000000000000001	0,001	7000	1,0	6,587000000000001	
0,04	0,7000000000000001	0,001	3500	1,0	5,089	
0,04	0,7000000000000001	0,001	7000	1,0	6,587000000000001	
0,05	0,7000000000000001	0,001	3500	1,0	5,089	
0,05	0,7000000000000001	0,001	7000	1,0	6,587000000000001	
0,06	0,7000000000000001	0,001	3500	1,0	5,089	
0,06	0,7000000000000001	0,001	7000	1,0	6,587000000000001	
0,07	0,7000000000000001	0,001	3500	1,0	5,089	
0,07	0,7000000000000001	0,001	7000	1,0	6,587000000000001	
0,08	0,7000000000000001	0,001	3500	1,0	5,089	
0,08	0,7000000000000001	0,001	7000	1,0	6,587000000000001	
0,09	0,7000000000000001	0,001	3500	1,0	5,089	
0,09	0,7000000000000001	0,001	7000	1,0	6,587000000000001	
0,01	0,8	0,001	3500	1,0	5,816	
0,01	0,8	0,001	7000	1,0	7,0	
0,02	0,8	0,001	3500	1,0	5,816	
0,02	0,8	0,001	7000	1,0	7,0	
0,03	0,8	0,001	3500	1,0	5,816	
0,03	0,8	0,001	7000	1,0	7,0	
0,04	0,8	0,001	3500	1,0	5,816	
0,04	0,8	0,001	7000	1,0	7,0	
0,05	0,8	0,001	3500	1,0	5,816	
0,05	0,8	0,001	7000	1,0	7,0	
0,06	0,8	0,001	3500	1,0	5,816	
0,06	0,8	0,001	7000	1,0	7,0	
0,07	0,8	0,001	3500	1,0	5,816	
0,07	0,8	0,001	7000	1,0	7,0	
0,08	0,8	0,001	3500	1,0	5,816	
0,08	0,8	0,001	7000	1,0	7,0	
0,09	0,8	0,001	3500	1,0	5,816	
0,09	0,8	0,001	7000	1,0	7,0	
0,01	0,9	0,001	3500	1,0	5,652	
0,01	0,9	0,001	7000	1,0	7,875	
0,02	0,9	0,001	3500	1,0	5,652	
0,02	0,9	0,001	7000	1,0	7,875	
0,03	0,9	0,001	3500	1,0	5,652	
0,03	0,9	0,001	7000	1,0	7,875	
0,04	0,9	0,001	3500	1,0	5,652	
0,04	0,9	0,001	7000	1,0	7,875	
0,05	0,9	0,001	3500	1,0	5,652	
0,05	0,9	0,001	7000	1,0	7,875	
0,06	0,9	0,001	3500	1,0	5,652	
0,06	0,9	0,001	7000	1,0	7,875	
0,07	0,9	0,001	3500	1,0	5,652	
0,07	0,9	0,001	7000	1,0	7,875	
0,08	0,9	0,001	3500	1,0	5,652	
0,08	0,9	0,001	7000	1,0	7,875	
0,09	0,9	0,001	3500	1,0	5,652	
0,09	0,9	0,001	7000	1,0	7,875	
0,01	0,1	0,0001	3500	1,0	0,6280000000000001	
0,01	0,1	0,0001	7000	1,0	0,809	
0,02	0,1	0,0001	3500	1,0	0,6280000000000001	
0,02	0,1	0,0001	7000	1,0	0,809	
0,03	0,1	0,0001	3500	1,0	0,6280000000000001	
0,03	0,1	0,0001	7000	1,0	0,809	
0,04	0,1	0,0001	3500	1,0	0,6280000000000001	
0,04	0,1	0,0001	7000	1,0	0,809	
0,05	0,1	0,0001	3500	1,0	0,6280000000000001	
0,05	0,1	0,0001	7000	1,0	0,809	
0,06	0,1	0,0001	3500	1,0	0,6280000000000001	
0,06	0,1	0,0001	7000	1,0	0,809	
0,07	0,1	0,0001	3500	1,0	0,6280000000000001	
0,07	0,1	0,0001	7000	1,0	0,809	
0,08	0,1	0,0001	3500	1,0	0,6280000000000001	
0,08	0,1	0,0001	7000	1,0	0,809	
0,09	0,1	0,0001	3500	1,0	0,6280000000000001	
0,09	0,1	0,0001	7000	1,0	0,809	
0,01	0,2	0,0001	3500	1,0	1,084	
0,01	0,2	0,0001	7000	1,0	1,2560000000000002	
0,02	0,2	0,0001	3500	1,0	1,084	
0,02	0,2	0,0001	7000	1,0	1,2560000000000002	
0,03	0,2	0,0001	3500	1,0	1,084	
0,03	0,2	0,0001	7000	1,0	1,2560000000000002	
0,04	0,2	0,0001	3500	1,0	1,084	
0,04	0,2	0,0001	7000	1,0	1,2560000000000002	
0,05	0,2	0,0001	3500	1,0	1,084	
0,05	0,2	0,0001	7000	1,0	1,2560000000000002	
0,06	0,2	0,0001	3500	1,0	1,084	
0,06	0,2	0,0001	7000	1,0	1,2560000000000002	
0,07	0,2	0,0001	3500	1,0	1,084	
0,07	0,2	0,0001	7000	1,0	1,2560000000000002	
0,08	0,2	0,0001	3500	1,0	1,084	
0,08	0,2	0,0001	7000	1,0	1,2560000000000002	
0,09	0,2	0,0001	3500	1,0	1,084	
0,09	0,2	0,0001	7000	1,0	1,2560000000000002	
0,01	0,30000000000000004	0,0001	3500	1,0	1,4070000000000003	
0,01	0,30000000000000004	0,0001	7000	1,0	1,6260000000000001	
0,02	0,30000000000000004	0,0001	3500	1,0	1,4070000000000003	
0,02	0,30000000000000004	0,0001	7000	1,0	1,6260000000000001	
0,03	0,30000000000000004	0,0001	3500	1,0	1,4070000000000003	
0,03	0,30000000000000004	0,0001	7000	1,0	1,6260000000000001	
0,04	0,30000000000000004	0,0001	3500	1,0	1,4070000000000003	
0,04	0,30000000000000004	0,0001	7000	1,0	1,6260000000000001	
0,05	0,30000000000000004	0,0001	3500	1,0	1,4070000000000003	
0,05	0,30000000000000004	0,0001	7000	1,0	1,6260000000000001	
0,06	0,30000000000000004	0,0001	3500	1,0	1,4070000000000003	
0,06	0,30000000000000004	0,0001	7000	1,0	1,6260000000000001	
0,07	0,30000000000000004	0,0001	3500	1,0	1,4070000000000003	
0,07	0,30000000000000004	0,0001	7000	1,0	1,6260000000000001	
0,08	0,30000000000000004	0,0001	3500	1,0	1,4070000000000003	
0,08	0,30000000000000004	0,0001	7000	1,0	1,6260000000000001	
0,09	0,30000000000000004	0,0001	3500	1,0	1,4070000000000003	
0,09	0,30000000000000004	0,0001	7000	1,0	1,6260000000000001	
0,01	0,4	0,0001	3500	1,0	1,62	
0,01	0,4	0,0001	7000	1,0	2,168	
0,02	0,4	0,0001	3500	1,0	1,62	
0,02	0,4	0,0001	7000	1,0	2,168	
0,03	0,4	0,0001	3500	1,0	1,62	
0,03	0,4	0,0001	7000	1,0	2,168	
0,04	0,4	0,0001	3500	1,0	1,62	
0,04	0,4	0,0001	7000	1,0	2,168	
0,05	0,4	0,0001	3500	1,0	1,62	
0,05	0,4	0,0001	7000	1,0	2,168	
0,06	0,4	0,0001	3500	1,0	1,62	
0,06	0,4	0,0001	7000	1,0	2,168	
0,07	0,4	0,0001	3500	1,0	1,62	
0,07	0,4	0,0001	7000	1,0	2,168	
0,08	0,4	0,0001	3500	1,0	1,62	
0,08	0,4	0,0001	7000	1,0	2,168	
0,09	0,4	0,0001	3500	1,0	1,62	
0,09	0,4	0,0001	7000	1,0	2,168	
0,01	0,5	0,0001	3500	1,0	2,025	
0,01	0,5	0,0001	7000	1,0	2,345	
0,02	0,5	0,0001	3500	1,0	2,025	
0,02	0,5	0,0001	7000	1,0	2,345	
0,03	0,5	0,0001	3500	1,0	2,025	
0,03	0,5	0,0001	7000	1,0	2,345	
0,04	0,5	0,0001	3500	1,0	2,025	
0,04	0,5	0,0001	7000	1,0	2,345	
0,05	0,5	0,0001	3500	1,0	2,025	
0,05	0,5	0,0001	7000	1,0	2,345	
0,06	0,5	0,0001	3500	1,0	2,025	
0,06	0,5	0,0001	7000	1,0	2,345	
0,07	0,5	0,0001	3500	1,0	2,025	
0,07	0,5	0,0001	7000	1,0	2,345	
0,08	0,5	0,0001	3500	1,0	2,025	
0,08	0,5	0,0001	7000	1,0	2,345	
0,09	0,5	0,0001	3500	1,0	2,025	
0,09	0,5	0,0001	7000	1,0	2,345	
0,01	0,6000000000000001	0,0001	3500	1,0	2,43	
0,01	0,6000000000000001	0,0001	7000	1,0	2,8140000000000005	
0,02	0,6000000000000001	0,0001	3500	1,0	2,43	
0,02	0,6000000000000001	0,0001	7000	1,0	2,8140000000000005	
0,03	0,6000000000000001	0,0001	3500	1,0	2,43	
0,03	0,6000000000000001	0,0001	7000	1,0	2,8140000000000005	
0,04	0,6000000000000001	0,0001	3500	1,0	2,43	
0,04	0,6000000000000001	0,0001	7000	1,0	2,8140000000000005	
0,05	0,6000000000000001	0,0001	3500	1,0	2,43	
0,05	0,6000000000000001	0,0001	7000	1,0	2,8140000000000005	
0,06	0,6000000000000001	0,0001	3500	1,0	2,43	
0,06	0,6000000000000001	0,0001	7000	1,0	2,8140000000000005	
0,07	0,6000000000000001	0,0001	3500	1,0	2,43	
0,07	0,6000000000000001	0,0001	7000	1,0	2,8140000000000005	
0,08	0,6000000000000001	0,0001	3500	1,0	2,43	
0,08	0,6000000000000001	0,0001	7000	1,0	2,8140000000000005	
0,09	0,6000000000000001	0,0001	3500	1,0	2,43	
0,09	0,6000000000000001	0,0001	7000	1,0	2,8140000000000005	
0,01	0,7000000000000001	0,0001	3500	1,0	2,835	
0,01	0,7000000000000001	0,0001	7000	1,0	2,835	
0,02	0,7000000000000001	0,0001	3500	1,0	2,835	
0,02	0,7000000000000001	0,0001	7000	1,0	2,835	
0,03	0,7000000000000001	0,0001	3500	1,0	2,835	
0,03	0,7000000000000001	0,0001	7000	1,0	2,835	
0,04	0,7000000000000001	0,0001	3500	1,0	2,835	
0,04	0,7000000000000001	0,0001	7000	1,0	2,835	
0,05	0,7000000000000001	0,0001	3500	1,0	2,835	
0,05	0,7000000000000001	0,0001	7000	1,0	2,835	
0,06	0,7000000000000001	0,0001	3500	1,0	2,835	
0,06	0,7000000000000001	0,0001	7000	1,0	2,835	
0,07	0,7000000000000001	0,0001	3500	1,0	2,835	
0,07	0,7000000000000001	0,0001	7000	1,0	2,835	
0,08	0,7000000000000001	0,0001	3500	1,0	2,835	
0,08	0,7000000000000001	0,0001	7000	1,0	2,835	
0,09	0,7000000000000001	0,0001	3500	1,0	2,835	
0,09	0,7000000000000001	0,0001	7000	1,0	2,835	
0,01	0,8	0,0001	3500	1,0	2,8000000000000003	
0,01	0,8	0,0001	7000	1,0	3,24	
0,02	0,8	0,0001	3500	1,0	2,8000000000000003	
0,02	0,8	0,0001	7000	1,0	3,24	
0,03	0,8	0,0001	3500	1,0	2,8000000000000003	
0,03	0,8	0,0001	7000	1,0	3,24	
0,04	0,8	0,0001	3500	1,0	2,8000000000000003	
0,04	0,8	0,0001	7000	1,0	3,24	
0,05	0,8	0,0001	3500	1,0	2,8000000000000003	
0,05	0,8	0,0001	7000	1,0	3,24	
0,06	0,8	0,0001	3500	1,0	2,8000000000000003	
0,06	0,8	0,0001	7000	1,0	3,24	
0,07	0,8	0,0001	3500	1,0	2,8000000000000003	
0,07	0,8	0,0001	7000	1,0	3,24	
0,08	0,8	0,0001	3500	1,0	2,8000000000000003	
0,08	0,8	0,0001	7000	1,0	3,24	
0,09	0,8	0,0001	3500	1,0	2,8000000000000003	
0,09	0,8	0,0001	7000	1,0	3,24	
0,01	0,9	0,0001	3500	1,0	3,15	
0,01	0,9	0,0001	7000	1,0	3,645	
0,02	0,9	0,0001	3500	1,0	3,15	
0,02	0,9	0,0001	7000	1,0	3,645	
0,03	0,9	0,0001	3500	1,0	3,15	
0,03	0,9	0,0001	7000	1,0	3,645	
0,04	0,9	0,0001	3500	1,0	3,15	
0,04	0,9	0,0001	7000	1,0	3,645	
0,05	0,9	0,0001	3500	1,0	3,15	
0,05	0,9	0,0001	7000	1,0	3,645	
0,06	0,9	0,0001	3500	1,0	3,15	
0,06	0,9	0,0001	7000	1,0	3,645	
0,07	0,9	0,0001	3500	1,0	3,15	
0,07	0,9	0,0001	7000	1,0	3,645	
0,08	0,9	0,0001	3500	1,0	3,15	
0,08	0,9	0,0001	7000	1,0	3,645	
0,09	0,9	0,0001	3500	1,0	3,15	
0,09	0,9	0,0001	7000	1,0	3,645	
0,01	0,1	1e-05	3500	1,0	0,35000000000000003	
0,01	0,1	1e-05	7000	1,0	0,405	
0,02	0,1	1e-05	3500	1,0	0,35000000000000003	
0,02	0,1	1e-05	7000	1,0	0,405	
0,03	0,1	1e-05	3500	1,0	0,35000000000000003	
0,03	0,1	1e-05	7000	1,0	0,405	
0,04	0,1	1e-05	3500	1,0	0,35000000000000003	
0,04	0,1	1e-05	7000	1,0	0,405	
0,05	0,1	1e-05	3500	1,0	0,35000000000000003	
0,05	0,1	1e-05	7000	1,0	0,405	
0,06	0,1	1e-05	3500	1,0	0,35000000000000003	
0,06	0,1	1e-05	7000	1,0	0,405	
0,07	0,1	1e-05	3500	1,0	0,35000000000000003	
0,07	0,1	1e-05	7000	1,0	0,405	
0,08	0,1	1e-05	3500	1,0	0,35000000000000003	
0,08	0,1	1e-05	7000	1,0	0,405	
0,09	0,1	1e-05	3500	1,0	0,35000000000000003	
0,09	0,1	1e-05	7000	1,0	0,405	
0,01	0,2	1e-05	3500	1,0	0,6040000000000001	
0,01	0,2	1e-05	7000	1,0	0,6040000000000001	
0,02	0,2	1e-05	3500	1,0	0,6040000000000001	
0,02	0,2	1e-05	7000	1,0	0,6040000000000001	
0,03	0,2	1e-05	3500	1,0	0,6040000000000001	
0,03	0,2	1e-05	7000	1,0	0,6040000000000001	
0,04	0,2	1e-05	3500	1,0	0,6040000000000001	
0,04	0,2	1e-05	7000	1,0	0,6040000000000001	
0,05	0,2	1e-05	3500	1,0	0,6040000000000001	
0,05	0,2	1e-05	7000	1,0	0,6040000000000001	
0,06	0,2	1e-05	3500	1,0	0,6040000000000001	
0,06	0,2	1e-05	7000	1,0	0,6040000000000001	
0,07	0,2	1e-05	3500	1,0	0,6040000000000001	
0,07	0,2	1e-05	7000	1,0	0,6040000000000001	
0,08	0,2	1e-05	3500	1,0	0,6040000000000001	
0,08	0,2	1e-05	7000	1,0	0,6040000000000001	
0,09	0,2	1e-05	3500	1,0	0,6040000000000001	
0,09	0,2	1e-05	7000	1,0	0,6040000000000001	
0,01	0,30000000000000004	1e-05	3500	1,0	0,9060000000000001	
0,01	0,30000000000000004	1e-05	7000	1,0	0,9060000000000001	
0,02	0,30000000000000004	1e-05	3500	1,0	0,9060000000000001	
0,02	0,30000000000000004	1e-05	7000	1,0	0,9060000000000001	
0,03	0,30000000000000004	1e-05	3500	1,0	0,9060000000000001	
0,03	0,30000000000000004	1e-05	7000	1,0	0,9060000000000001	
0,04	0,30000000000000004	1e-05	3500	1,0	0,9060000000000001	
0,04	0,30000000000000004	1e-05	7000	1,0	0,9060000000000001	
0,05	0,30000000000000004	1e-05	3500	1,0	0,9060000000000001	
0,05	0,30000000000000004	1e-05	7000	1,0	0,9060000000000001	
0,06	0,30000000000000004	1e-05	3500	1,0	0,9060000000000001	
0,06	0,30000000000000004	1e-05	7000	1,0	0,9060000000000001	
0,07	0,30000000000000004	1e-05	3500	1,0	0,9060000000000001	
0,07	0,30000000000000004	1e-05	7000	1,0	0,9060000000000001	
0,08	0,30000000000000004	1e-05	3500	1,0	0,9060000000000001	
0,08	0,30000000000000004	1e-05	7000	1,0	0,9060000000000001	
0,09	0,30000000000000004	1e-05	3500	1,0	0,9060000000000001	
0,09	0,30000000000000004	1e-05	7000	1,0	0,9060000000000001	
0,01	0,4	1e-05	3500	1,0	1,044	
0,01	0,4	1e-05	7000	1,0	1,044	
0,02	0,4	1e-05	3500	1,0	1,044	
0,02	0,4	1e-05	7000	1,0	1,044	
0,03	0,4	1e-05	3500	1,0	1,044	
0,03	0,4	1e-05	7000	1,0	1,044	
0,04	0,4	1e-05	3500	1,0	1,044	
0,04	0,4	1e-05	7000	1,0	1,044	
0,05	0,4	1e-05	3500	1,0	1,044	
0,05	0,4	1e-05	7000	1,0	1,044	
0,06	0,4	1e-05	3500	1,0	1,044	
0,06	0,4	1e-05	7000	1,0	1,044	
0,07	0,4	1e-05	3500	1,0	1,044	
0,07	0,4	1e-05	7000	1,0	1,044	
0,08	0,4	1e-05	3500	1,0	1,044	
0,08	0,4	1e-05	7000	1,0	1,044	
0,09	0,4	1e-05	3500	1,0	1,044	
0,09	0,4	1e-05	7000	1,0	1,044	
0,01	0,5	1e-05	3500	1,0	1,305	
0,01	0,5	1e-05	7000	1,0	1,305	
0,02	0,5	1e-05	3500	1,0	1,305	
0,02	0,5	1e-05	7000	1,0	1,305	
0,03	0,5	1e-05	3500	1,0	1,305	
0,03	0,5	1e-05	7000	1,0	1,305	
0,04	0,5	1e-05	3500	1,0	1,305	
0,04	0,5	1e-05	7000	1,0	1,305	
0,05	0,5	1e-05	3500	1,0	1,305	
0,05	0,5	1e-05	7000	1,0	1,305	
0,06	0,5	1e-05	3500	1,0	1,305	
0,06	0,5	1e-05	7000	1,0	1,305	
0,07	0,5	1e-05	3500	1,0	1,305	
0,07	0,5	1e-05	7000	1,0	1,305	
0,08	0,5	1e-05	3500	1,0	1,305	
0,08	0,5	1e-05	7000	1,0	1,305	
0,09	0,5	1e-05	3500	1,0	1,305	
0,09	0,5	1e-05	7000	1,0	1,305	
0,01	0,6000000000000001	1e-05	3500	1,0	1,566	
0,01	0,6000000000000001	1e-05	7000	1,0	1,566	
0,02	0,6000000000000001	1e-05	3500	1,0	1,566	
0,02	0,6000000000000001	1e-05	7000	1,0	1,566	
0,03	0,6000000000000001	1e-05	3500	1,0	1,566	
0,03	0,6000000000000001	1e-05	7000	1,0	1,566	
0,04	0,6000000000000001	1e-05	3500	1,0	1,566	
0,04	0,6000000000000001	1e-05	7000	1,0	1,566	
0,05	0,6000000000000001	1e-05	3500	1,0	1,566	
0,05	0,6000000000000001	1e-05	7000	1,0	1,566	
0,06	0,6000000000000001	1e-05	3500	1,0	1,566	
0,06	0,6000000000000001	1e-05	7000	1,0	1,566	
0,07	0,6000000000000001	1e-05	3500	1,0	1,566	
0,07	0,6000000000000001	1e-05	7000	1,0	1,566	
0,08	0,6000000000000001	1e-05	3500	1,0	1,566	
0,08	0,6000000000000001	1e-05	7000	1,0	1,566	
0,09	0,6000000000000001	1e-05	3500	1,0	1,566	
0,09	0,6000000000000001	1e-05	7000	1,0	1,566	
0,01	0,7000000000000001	1e-05	3500	1,0	1,5750000000000002	
0,01	0,7000000000000001	1e-05	7000	1,0	1,5750000000000002	
0,02	0,7000000000000001	1e-05	3500	1,0	1,5750000000000002	
0,02	0,7000000000000001	1e-05	7000	1,0	1,5750000000000002	
0,03	0,7000000000000001	1e-05	3500	1,0	1,5750000000000002	
0,03	0,7000000000000001	1e-05	7000	1,0	1,5750000000000002	
0,04	0,7000000000000001	1e-05	3500	1,0	1,5750000000000002	
0,04	0,7000000000000001	1e-05	7000	1,0	1,5750000000000002	
0,05	0,7000000000000001	1e-05	3500	1,0	1,5750000000000002	
0,05	0,7000000000000001	1e-05	7000	1,0	1,5750000000000002	
0,06	0,7000000000000001	1e-05	3500	1,0	1,5750000000000002	
0,06	0,7000000000000001	1e-05	7000	1,0	1,5750000000000002	
0,07	0,7000000000000001	1e-05	3500	1,0	1,5750000000000002	
0,07	0,7000000000000001	1e-05	7000	1,0	1,5750000000000002	
0,08	0,7000000000000001	1e-05	3500	1,0	1,5750000000000002	
0,08	0,7000000000000001	1e-05	7000	1,0	1,5750000000000002	
0,09	0,7000000000000001	1e-05	3500	1,0	1,5750000000000002	
0,09	0,7000000000000001	1e-05	7000	1,0	1,5750000000000002	
0,01	0,8	1e-05	3500	1,0	1,8	
0,01	0,8	1e-05	7000	1,0	1,8	
0,02	0,8	1e-05	3500	1,0	1,8	
0,02	0,8	1e-05	7000	1,0	1,8	
0,03	0,8	1e-05	3500	1,0	1,8	
0,03	0,8	1e-05	7000	1,0	1,8	
0,04	0,8	1e-05	3500	1,0	1,8	
0,04	0,8	1e-05	7000	1,0	1,8	
0,05	0,8	1e-05	3500	1,0	1,8	
0,05	0,8	1e-05	7000	1,0	1,8	
0,06	0,8	1e-05	3500	1,0	1,8	
0,06	0,8	1e-05	7000	1,0	1,8	
0,07	0,8	1e-05	3500	1,0	1,8	
0,07	0,8	1e-05	7000	1,0	1,8	
0,08	0,8	1e-05	3500	1,0	1,8	
0,08	0,8	1e-05	7000	1,0	1,8	
0,09	0,8	1e-05	3500	1,0	1,8	
0,09	0,8	1e-05	7000	1,0	1,8	
0,01	0,9	1e-05	3500	1,0	2,025	
0,01	0,9	1e-05	7000	1,0	2,025	
0,02	0,9	1e-05	3500	1,0	2,025	
0,02	0,9	1e-05	7000	1,0	2,025	
0,03	0,9	1e-05	3500	1,0	2,025	
0,03	0,9	1e-05	7000	1,0	2,025	
0,04	0,9	1e-05	3500	1,0	2,025	
0,04	0,9	1e-05	7000	1,0	2,025	
0,05	0,9	1e-05	3500	1,0	2,025	
0,05	0,9	1e-05	7000	1,0	2,025	
0,06	0,9	1e-05	3500	1,0	2,025	
0,06	0,9	1e-05	7000	1,0	2,025	
0,07	0,9	1e-05	3500	1,0	2,025	
0,07	0,9	1e-05	7000	1,0	2,025	
0,08	0,9	1e-05	3500	1,0	2,025	
0,08	0,9	1e-05	7000	1,0	2,025	
0,09	0,9	1e-05	3500	1,0	2,025	
0,09	0,9	1e-05	7000	1,0	2,025	
0,01	0,1	1e-06	3500	1,0	0,225	
0,01	0,1	1e-06	7000	1,0	0,225	
0,02	0,1	1e-06	3500	1,0	0,225	
0,02	0,1	1e-06	7000	1,0	0,225	
0,03	0,1	1e-06	3500	1,0	0,225	
0,03	0,1	1e-06	7000	1,0	0,225	
0,04	0,1	1e-06	3500	1,0	0,225	
0,04	0,1	1e-06	7000	1,0	0,225	
0,05	0,1	1e-06	3500	1,0	0,225	
0,05	0,1	1e-06	7000	1,0	0,225	
0,06	0,1	1e-06	3500	1,0	0,225	
0,06	0,1	1e-06	7000	1,0	0,225	
0,07	0,1	1e-06	3500	1,0	0,225	
0,07	0,1	1e-06	7000	1,0	0,225	
0,08	0,1	1e-06	3500	1,0	0,225	
0,08	0,1	1e-06	7000	1,0	0,225	
0,09	0,1	1e-06	3500	1,0	0,225	
0,09	0,1	1e-06	7000	1,0	0,225	
0,01	0,2	1e-06	3500	1,0	0,39	
0,01	0,2	1e-06	7000	1,0	0,39	
0,02	0,2	1e-06	3500	1,0	0,39	
0,02	0,2	1e-06	7000	1,0	0,39	
0,03	0,2	1e-06	3500	1,0	0,39	
0,03	0,2	1e-06	7000	1,0	0,39	
0,04	0,2	1e-06	3500	1,0	0,39	
0,04	0,2	1e-06	7000	1,0	0,39	
0,05	0,2	1e-06	3500	1,0	0,39	
0,05	0,2	1e-06	7000	1,0	0,39	
0,06	0,2	1e-06	3500	1,0	0,39	
0,06	0,2	1e-06	7000	1,0	0,39	
0,07	0,2	1e-06	3500	1,0	0,39	
0,07	0,2	1e-06	7000	1,0	0,39	
0,08	0,2	1e-06	3500	1,0	0,39	
0,08	0,2	1e-06	7000	1,0	0,39	
0,09	0,2	1e-06	3500	1,0	0,39	
0,09	0,2	1e-06	7000	1,0	0,39	
0,01	0,30000000000000004	1e-06	3500	1,0	0,5850000000000001	
0,01	0,30000000000000004	1e-06	7000	1,0	0,5850000000000001	
0,02	0,30000000000000004	1e-06	3500	1,0	0,5850000000000001	
0,02	0,30000000000000004	1e-06	7000	1,0	0,5850000000000001	
0,03	0,30000000000000004	1e-06	3500	1,0	0,5850000000000001	
0,03	0,30000000000000004	1e-06	7000	1,0	0,5850000000000001	
0,04	0,30000000000000004	1e-06	3500	1,0	0,5850000000000001	
0,04	0,30000000000000004	1e-06	7000	1,0	0,5850000000000001	
0,05	0,30000000000000004	1e-06	3500	1,0	0,5850000000000001	
0,05	0,30000000000000004	1e-06	7000	1,0	0,5850000000000001	
0,06	0,30000000000000004	1e-06	3500	1,0	0,5850000000000001	
0,06	0,30000000000000004	1e-06	7000	1,0	0,5850000000000001	
0,07	0,30000000000000004	1e-06	3500	1,0	0,5850000000000001	
0,07	0,30000000000000004	1e-06	7000	1,0	0,5850000000000001	
0,08	0,30000000000000004	1e-06	3500	1,0	0,5850000000000001	
0,08	0,30000000000000004	1e-06	7000	1,0	0,5850000000000001	
0,09	0,30000000000000004	1e-06	3500	1,0	0,5850000000000001	
0,09	0,30000000000000004	1e-06	7000	1,0	0,5850000000000001	
0,01	0,4	1e-06	3500	1,0	0,672	
0,01	0,4	1e-06	7000	1,0	0,672	
0,02	0,4	1e-06	3500	1,0	0,672	
0,02	0,4	1e-06	7000	1,0	0,672	
0,03	0,4	1e-06	3500	1,0	0,672	
0,03	0,4	1e-06	7000	1,0	0,672	
0,04	0,4	1e-06	3500	1,0	0,672	
0,04	0,4	1e-06	7000	1,0	0,672	
0,05	0,4	1e-06	3500	1,0	0,672	
0,05	0,4	1e-06	7000	1,0	0,672	
0,06	0,4	1e-06	3500	1,0	0,672	
0,06	0,4	1e-06	7000	1,0	0,672	
0,07	0,4	1e-06	3500	1,0	0,672	
0,07	0,4	1e-06	7000	1,0	0,672	
0,08	0,4	1e-06	3500	1,0	0,672	
0,08	0,4	1e-06	7000	1,0	0,672	
0,09	0,4	1e-06	3500	1,0	0,672	
0,09	0,4	1e-06	7000	1,0	0,672	
0,01	0,5	1e-06	3500	1,0	0,84	
0,01	0,5	1e-06	7000	1,0	0,84	
0,02	0,5	1e-06	3500	1,0	0,84	
0,02	0,5	1e-06	7000	1,0	0,84	
0,03	0,5	1e-06	3500	1,0	0,84	
0,03	0,5	1e-06	7000	1,0	0,84	
0,04	0,5	1e-06	3500	1,0	0,84	
0,04	0,5	1e-06	7000	1,0	0,84	
0,05	0,5	1e-06	3500	1,0	0,84	
0,05	0,5	1e-06	7000	1,0	0,84	
0,06	0,5	1e-06	3500	1,0	0,84	
0,06	0,5	1e-06	7000	1,0	0,84	
0,07	0,5	1e-06	3500	1,0	0,84	
0,07	0,5	1e-06	7000	1,0	0,84	
0,08	0,5	1e-06	3500	1,0	0,84	
0,08	0,5	1e-06	7000	1,0	0,84	
0,09	0,5	1e-06	3500	1,0	0,84	
0,09	0,5	1e-06	7000	1,0	0,84	
0,01	0,6000000000000001	1e-06	3500	1,0	1,008	
0,01	0,6000000000000001	1e-06	7000	1,0	1,008	
0,02	0,6000000000000001	1e-06	3500	1,0	1,008	
0,02	0,6000000000000001	1e-06	7000	1,0	1,008	
0,03	0,6000000000000001	1e-06	3500	1,0	1,008	
0,03	0,6000000000000001	1e-06	7000	1,0	1,008	
0,04	0,6000000000000001	1e-06	3500	1,0	1,008	
0,04	0,6000000000000001	1e-06	7000	1,0	1,008	
0,05	0,6000000000000001	1e-06	3500	1,0	1,008	
0,05	0,6000000000000001	1e-06	7000	1,0	1,008	
0,06	0,6000000000000001	1e-06	3500	1,0	1,008	
0,06	0,6000000000000001	1e-06	7000	1,0	1,008	
0,07	0,6000000000000001	1e-06	3500	1,0	1,008	
0,07	0,6000000000000001	1e-06	7000	1,0	1,008	
0,08	0,6000000000000001	1e-06	3500	1,0	1,008	
0,08	0,6000000000000001	1e-06	7000	1,0	1,008	
0,09	0,6000000000000001	1e-06	3500	1,0	1,008	
0,09	0,6000000000000001	1e-06	7000	1,0	1,008	
0,01	0,7000000000000001	1e-06	3500	1,0	1,0150000000000001	
0,01	0,7000000000000001	1e-06	7000	1,0	1,0150000000000001	
0,02	0,7000000000000001	1e-06	3500	1,0	1,0150000000000001	
0,02	0,7000000000000001	1e-06	7000	1,0	1,0150000000000001	
0,03	0,7000000000000001	1e-06	3500	1,0	1,0150000000000001	
0,03	0,7000000000000001	1e-06	7000	1,0	1,0150000000000001	
0,04	0,7000000000000001	1e-06	3500	1,0	1,0150000000000001	
0,04	0,7000000000000001	1e-06	7000	1,0	1,0150000000000001	
0,05	0,7000000000000001	1e-06	3500	1,0	1,0150000000000001	
0,05	0,7000000000000001	1e-06	7000	1,0	1,0150000000000001	
0,06	0,7000000000000001	1e-06	3500	1,0	1,0150000000000001	
0,06	0,7000000000000001	1e-06	7000	1,0	1,0150000000000001	
0,07	0,7000000000000001	1e-06	3500	1,0	1,0150000000000001	
0,07	0,7000000000000001	1e-06	7000	1,0	1,0150000000000001	
0,08	0,7000000000000001	1e-06	3500	1,0	1,0150000000000001	
0,08	0,7000000000000001	1e-06	7000	1,0	1,0150000000000001	
0,09	0,7000000000000001	1e-06	3500	1,0	1,0150000000000001	
0,09	0,7000000000000001	1e-06	7000	1,0	1,0150000000000001	
0,01	0,8	1e-06	3500	1,0	1,16	
0,01	0,8	1e-06	7000	1,0	1,16	
0,02	0,8	1e-06	3500	1,0	1,16	
0,02	0,8	1e-06	7000	1,0	1,16	
0,03	0,8	1e-06	3500	1,0	1,16	
0,03	0,8	1e-06	7000	1,0	1,16	
0,04	0,8	1e-06	3500	1,0	1,16	
0,04	0,8	1e-06	7000	1,0	1,16	
0,05	0,8	1e-06	3500	1,0	1,16	
0,05	0,8	1e-06	7000	1,0	1,16	
0,06	0,8	1e-06	3500	1,0	1,16	
0,06	0,8	1e-06	7000	1,0	1,16	
0,07	0,8	1e-06	3500	1,0	1,16	
0,07	0,8	1e-06	7000	1,0	1,16	
0,08	0,8	1e-06	3500	1,0	1,16	
0,08	0,8	1e-06	7000	1,0	1,16	
0,09	0,8	1e-06	3500	1,0	1,16	
0,09	0,8	1e-06	7000	1,0	1,16	
0,01	0,9	1e-06	3500	1,0	1,305	
0,01	0,9	1e-06	7000	1,0	1,305	
0,02	0,9	1e-06	3500	1,0	1,305	
0,02	0,9	1e-06	7000	1,0	1,305	
0,03	0,9	1e-06	3500	1,0	1,305	
0,03	0,9	1e-06	7000	1,0	1,305	
0,04	0,9	1e-06	3500	1,0	1,305	
0,04	0,9	1e-06	7000	1,0	1,305	
0,05	0,9	1e-06	3500	1,0	1,305	
0,05	0,9	1e-06	7000	1,0	1,305	
0,06	0,9	1e-06	3500	1,0	1,305	
0,06	0,9	1e-06	7000	1,0	1,305	
0,07	0,9	1e-06	3500	1,0	1,305	
0,07	0,9	1e-06	7000	1,0	1,305	
0,08	0,9	1e-06	3500	1,0	1,305	
0,08	0,9	1e-06	7000	1,0	1,305	
0,09	0,9	1e-06	3500	1,0	1,305	
0,09	0,9	1e-06	7000	1,0	1,305	
0,01	0,1	1e-07	3500	1,0	0,145	
0,01	0,1	1e-07	7000	1,0	0,145	
0,02	0,1	1e-07	3500	1,0	0,145	
0,02	0,1	1e-07	7000	1,0	0,145	
0,03	0,1	1e-07	3500	1,0	0,145	
0,03	0,1	1e-07	7000	1,0	0,145	
0,04	0,1	1e-07	3500	1,0	0,145	
0,04	0,1	1e-07	7000	1,0	0,145	
0,05	0,1	1e-07	3500	1,0	0,145	
0,05	0,1	1e-07	7000	1,0	0,145	
0,06	0,1	1e-07	3500	1,0	0,145	
0,06	0,1	1e-07	7000	1,0	0,145	
0,07	0,1	1e-07	3500	1,0	0,145	
0,07	0,1	1e-07	7000	1,0	0,145	
0,08	0,1	1e-07	3500	1,0	0,145	
0,08	0,1	1e-07	7000	1,0	0,145	
0,09	0,1	1e-07	3500	1,0	0,145	
0,09	0,1	1e-07	7000	1,0	0,145	
0,01	0,2	1e-07	3500	1,0	0,25	
0,01	0,2	1e-07	7000	1,0	0,25	
0,02	0,2	1e-07	3500	1,0	0,25	
0,02	0,2	1e-07	7000	1,0	0,25	
0,03	0,2	1e-07	3500	1,0	0,25	
0,03	0,2	1e-07	7000	1,0	0,25	
0,04	0,2	1e-07	3500	1,0	0,25	
0,04	0,2	1e-07	7000	1,0	0,25	
0,05	0,2	1e-07	3500	1,0	0,25	
0,05	0,2	1e-07	7000	1,0	0,25	
0,06	0,2	1e-07	3500	1,0	0,25	
0,06	0,2	1e-07	7000	1,0	0,25	
0,07	0,2	1e-07	3500	1,0	0,25	
0,07	0,2	1e-07	7000	1,0	0,25	
0,08	0,2	1e-07	3500	1,0	0,25	
0,08	0,2	1e-07	7000	1,0	0,25	
0,09	0,2	1e-07	3500	1,0	0,25	
0,09	0,2	1e-07	7000	1,0	0,25	
0,01	0,30000000000000004	1e-07	3500	1,0	0,37500000000000006	
0,01	0,30000000000000004	1e-07	7000	1,0	0,37500000000000006	
0,02	0,30000000000000004	1e-07	3500	1,0	0,37500000000000006	
0,02	0,30000000000000004	1e-07	7000	1,0	0,37500000000000006	
0,03	0,30000000000000004	1e-07	3500	1,0	0,37500000000000006	
0,03	0,30000000000000004	1e-07	7000	1,0	0,37500000000000006	
0,04	0,30000000000000004	1e-07	3500	1,0	0,37500000000000006	
0,04	0,30000000000000004	1e-07	7000	1,0	0,37500000000000006	
0,05	0,30000000000000004	1e-07	3500	1,0	0,37500000000000006	
0,05	0,30000000000000004	1e-07	7000	1,0	0,37500000000000006	
0,06	0,30000000000000004	1e-07	3500	1,0	0,37500000000000006	
0,06	0,30000000000000004	1e-07	7000	1,0	0,37500000000000006	
0,07	0,30000000000000004	1e-07	3500	1,0	0,37500000000000006	
0,07	0,30000000000000004	1e-07	7000	1,0	0,37500000000000006	
0,08	0,30000000000000004	1e-07	3500	1,0	0,37500000000000006	
0,08	0,30000000000000004	1e-07	7000	1,0	0,37500000000000006	
0,09	0,30000000000000004	1e-07	3500	1,0	0,37500000000000006	
0,09	0,30000000000000004	1e-07	7000	1,0	0,37500000000000006	
0,01	0,4	1e-07	3500	1,0	0,5	
0,01	0,4	1e-07	7000	1,0	0,5	
0,02	0,4	1e-07	3500	1,0	0,5	
0,02	0,4	1e-07	7000	1,0	0,5	
0,03	0,4	1e-07	3500	1,0	0,5	
0,03	0,4	1e-07	7000	1,0	0,5	
0,04	0,4	1e-07	3500	1,0	0,5	
0,04	0,4	1e-07	7000	1,0	0,5	
0,05	0,4	1e-07	3500	1,0	0,5	
0,05	0,4	1e-07	7000	1,0	0,5	
0,06	0,4	1e-07	3500	1,0	0,5	
0,06	0,4	1e-07	7000	1,0	0,5	
0,07	0,4	1e-07	3500	1,0	0,5	
0,07	0,4	1e-07	7000	1,0	0,5	
0,08	0,4	1e-07	3500	1,0	0,5	
0,08	0,4	1e-07	7000	1,0	0,5	
0,09	0,4	1e-07	3500	1,0	0,5	
0,09	0,4	1e-07	7000	1,0	0,5	
0,01	0,5	1e-07	3500	1,0	0,54	
0,01	0,5	1e-07	7000	1,0	0,54	
0,02	0,5	1e-07	3500	1,0	0,54	
0,02	0,5	1e-07	7000	1,0	0,54	
0,03	0,5	1e-07	3500	1,0	0,54	
0,03	0,5	1e-07	7000	1,0	0,54	
0,04	0,5	1e-07	3500	1,0	0,54	
0,04	0,5	1e-07	7000	1,0	0,54	
0,05	0,5	1e-07	3500	1,0	0,54	
0,05	0,5	1e-07	7000	1,0	0,54	
0,06	0,5	1e-07	3500	1,0	0,54	
0,06	0,5	1e-07	7000	1,0	0,54	
0,07	0,5	1e-07	3500	1,0	0,54	
0,07	0,5	1e-07	7000	1,0	0,54	
0,08	0,5	1e-07	3500	1,0	0,54	
0,08	0,5	1e-07	7000	1,0	0,54	
0,09	0,5	1e-07	3500	1,0	0,54	
0,09	0,5	1e-07	7000	1,0	0,54	
0,01	0,6000000000000001	1e-07	3500	1,0	0,6480000000000001	
0,01	0,6000000000000001	1e-07	7000	1,0	0,6480000000000001	
0,02	0,6000000000000001	1e-07	3500	1,0	0,6480000000000001	
0,02	0,6000000000000001	1e-07	7000	1,0	0,6480000000000001	
0,03	0,6000000000000001	1e-07	3500	1,0	0,6480000000000001	
0,03	0,6000000000000001	1e-07	7000	1,0	0,6480000000000001	
0,04	0,6000000000000001	1e-07	3500	1,0	0,6480000000000001	
0,04	0,6000000000000001	1e-07	7000	1,0	0,6480000000000001	
0,05	0,6000000000000001	1e-07	3500	1,0	0,6480000000000001	
0,05	0,6000000000000001	1e-07	7000	1,0	0,6480000000000001	
0,06	0,6000000000000001	1e-07	3500	1,0	0,6480000000000001	
0,06	0,6000000000000001	1e-07	7000	1,0	0,6480000000000001	
0,07	0,6000000000000001	1e-07	3500	1,0	0,6480000000000001	
0,07	0,6000000000000001	1e-07	7000	1,0	0,6480000000000001	
0,08	0,6000000000000001	1e-07	3500	1,0	0,6480000000000001	
0,08	0,6000000000000001	1e-07	7000	1,0	0,6480000000000001	
0,09	0,6000000000000001	1e-07	3500	1,0	0,6480000000000001	
0,09	0,6000000000000001	1e-07	7000	1,0	0,6480000000000001	
0,01	0,7000000000000001	1e-07	3500	1,0	0,7560000000000001	
0,01	0,7000000000000001	1e-07	7000	1,0	0,7560000000000001	
0,02	0,7000000000000001	1e-07	3500	1,0	0,7560000000000001	
0,02	0,7000000000000001	1e-07	7000	1,0	0,7560000000000001	
0,03	0,7000000000000001	1e-07	3500	1,0	0,7560000000000001	
0,03	0,7000000000000001	1e-07	7000	1,0	0,7560000000000001	
0,04	0,7000000000000001	1e-07	3500	1,0	0,7560000000000001	
0,04	0,7000000000000001	1e-07	7000	1,0	0,7560000000000001	
0,05	0,7000000000000001	1e-07	3500	1,0	0,7560000000000001	
0,05	0,7000000000000001	1e-07	7000	1,0	0,7560000000000001	
0,06	0,7000000000000001	1e-07	3500	1,0	0,7560000000000001	
0,06	0,7000000000000001	1e-07	7000	1,0	0,7560000000000001	
0,07	0,7000000000000001	1e-07	3500	1,0	0,7560000000000001	
0,07	0,7000000000000001	1e-07	7000	1,0	0,7560000000000001	
0,08	0,7000000000000001	1e-07	3500	1,0	0,7560000000000001	
0,08	0,7000000000000001	1e-07	7000	1,0	0,7560000000000001	
0,09	0,7000000000000001	1e-07	3500	1,0	0,7560000000000001	
0,09	0,7000000000000001	1e-07	7000	1,0	0,7560000000000001	
0,01	0,8	1e-07	3500	1,0	0,8640000000000001	
0,01	0,8	1e-07	7000	1,0	0,8640000000000001	
0,02	0,8	1e-07	3500	1,0	0,8640000000000001	
0,02	0,8	1e-07	7000	1,0	0,8640000000000001	
0,03	0,8	1e-07	3500	1,0	0,8640000000000001	
0,03	0,8	1e-07	7000	1,0	0,8640000000000001	
0,04	0,8	1e-07	3500	1,0	0,8640000000000001	
0,04	0,8	1e-07	7000	1,0	0,8640000000000001	
0,05	0,8	1e-07	3500	1,0	0,8640000000000001	
0,05	0,8	1e-07	7000	1,0	0,8640000000000001	
0,06	0,8	1e-07	3500	1,0	0,8640000000000001	
0,06	0,8	1e-07	7000	1,0	0,8640000000000001	
0,07	0,8	1e-07	3500	1,0	0,8640000000000001	
0,07	0,8	1e-07	7000	1,0	0,8640000000000001	
0,08	0,8	1e-07	3500	1,0	0,8640000000000001	
0,08	0,8	1e-07	7000	1,0	0,8640000000000001	
0,09	0,8	1e-07	3500	1,0	0,8640000000000001	
0,09	0,8	1e-07	7000	1,0	0,8640000000000001	
0,01	0,9	1e-07	3500	1,0	0,9720000000000001	
0,01	0,9	1e-07	7000	1,0	0,9720000000000001	
0,02	0,9	1e-07	3500	1,0	0,9720000000000001	
0,02	0,9	1e-07	7000	1,0	0,9720000000000001	
0,03	0,9	1e-07	3500	1,0	0,9720000000000001	
0,03	0,9	1e-07	7000	1,0	0,9720000000000001	
0,04	0,9	1e-07	3500	1,0	0,9720000000000001	
0,04	0,9	1e-07	7000	1,0	0,9720000000000001	
0,05	0,9	1e-07	3500	1,0	0,9720000000000001	
0,05	0,9	1e-07	7000	1,0	0,9720000000000001	
0,06	0,9	1e-07	3500	1,0	0,9720000000000001	
0,06	0,9	1e-07	7000	1,0	0,9720000000000001	
0,07	0,9	1e-07	3500	1,0	0,9720000000000001	
0,07	0,9	1e-07	7000	1,0	0,9720000000000001	
0,08	0,9	1e-07	3500	1,0	0,9720000000000001	
0,08	0,9	1e-07	7000	1,0	0,9720000000000001	
0,09	0,9	1e-07	3500	1,0	0,9720000000000001	
0,09	0,9	1e-07	7000	1,0	0,9720000000000001	
